{
  "nbformat": 4,
  "nbformat_minor": 0,
  "metadata": {
    "colab": {
      "provenance": [],
      "collapsed_sections": []
    },
    "kernelspec": {
      "name": "python3",
      "display_name": "Python 3"
    },
    "language_info": {
      "name": "python"
    },
    "gpuClass": "standard"
  },
  "cells": [
    {
      "cell_type": "code",
      "execution_count": 1,
      "metadata": {
        "id": "iEG7OcTGmvFd"
      },
      "outputs": [],
      "source": [
        "# Uncomment below to install dependencies in google colab\n",
        "# !pip install opencv-python==4.5.1.48\n",
        "# !pip install ipympl\n",
        "\n",
        "import cv2\n",
        "import json\n",
        "\n",
        "import numpy as np\n",
        "import matplotlib.pyplot as plt"
      ]
    },
    {
      "cell_type": "code",
      "source": [
        "# Lado download images from Herr Geiger here: \n",
        "# https://1drv.ms/u/s!AhnVhbVlzYkKgQN7mQptMksh18q9\n",
        "# https://1drv.ms/u/s!AhnVhbVlzYkKgQR6EA7vbtT048q3 "
      ],
      "metadata": {
        "id": "yNKSAzvCZx3h"
      },
      "execution_count": null,
      "outputs": []
    },
    {
      "cell_type": "code",
      "source": [
        "#@title we write two camera parameters here { form-width: \"20%\" }\n",
        "\n",
        "#use this to read:  np.load('./cameras.npz').files\n",
        "\n",
        "#this is how I obtained cameras.npz content for a:\n",
        "# dict(np.load('./cameras.npz')) \n",
        "\n",
        "a = {'scale_mat_0': np.array([[336.7069  ,   0.      ,   0.      , -16.939083],\n",
        "        [  0.      , 336.7069  ,   0.      , -31.074146],\n",
        "        [  0.      ,   0.      , 336.7069  , 652.7977  ],\n",
        "        [  0.      ,   0.      ,   0.      ,   1.      ]], dtype=np.float32),\n",
        " 'scale_mat_inv_0': np.array([[ 0.00296994,  0.        ,  0.        ,  0.05030809],\n",
        "        [ 0.        ,  0.00296994,  0.        ,  0.09228841],\n",
        "        [ 0.        ,  0.        ,  0.00296994, -1.9387714 ],\n",
        "        [ 0.        ,  0.        ,  0.        ,  1.        ]],\n",
        "       dtype=np.float32),\n",
        " 'world_mat_0': np.array([[ 2.6074299e+03, -3.8448980e+00,  1.4981781e+03, -5.3393669e+05],\n",
        "        [-1.9207690e+02,  2.8625525e+03,  6.8179816e+02,  2.3434688e+04],\n",
        "        [-2.4160500e-01, -3.0951001e-02,  9.6988100e-01,  2.2540121e+01],\n",
        "        [ 0.0000000e+00,  0.0000000e+00,  0.0000000e+00,  1.0000000e+00]],\n",
        "       dtype=np.float32),\n",
        " 'world_mat_inv_0': np.array([[ 3.3546050e-04, -5.1133857e-06, -5.1459229e-01,  1.9083348e+02],\n",
        "        [ 2.5861191e-06,  3.4666393e-04, -2.4768946e-01, -1.1601868e+00],\n",
        "        [ 8.3648381e-05,  9.7890115e-06,  8.9496100e-01,  2.4261009e+01],\n",
        "        [ 0.0000000e+00,  0.0000000e+00,  0.0000000e+00,  1.0000000e+00]],\n",
        "       dtype=np.float32),\n",
        " 'camera_mat_0': np.array([[ 0.00125   ,  0.        , -1.        ,  0.        ],\n",
        "        [ 0.        ,  0.00166667, -1.        ,  0.        ],\n",
        "        [ 0.        ,  0.        ,  1.        ,  0.        ],\n",
        "        [ 0.        ,  0.        ,  0.        ,  1.        ]],\n",
        "       dtype=np.float32),\n",
        " 'camera_mat_inv_0': np.array([[800.,   0., 800.,   0.],\n",
        "        [  0., 600., 600.,   0.],\n",
        "        [  0.,   0.,   1.,   0.],\n",
        "        [  0.,   0.,   0.,   1.]], dtype=np.float32),\n",
        " 'scale_mat_1': np.array([[336.7069  ,   0.      ,   0.      , -16.939083],\n",
        "        [  0.      , 336.7069  ,   0.      , -31.074146],\n",
        "        [  0.      ,   0.      , 336.7069  , 652.7977  ],\n",
        "        [  0.      ,   0.      ,   0.      ,   1.      ]], dtype=np.float32),\n",
        " 'scale_mat_inv_1': np.array([[ 0.00296994,  0.        ,  0.        ,  0.05030809],\n",
        "        [ 0.        ,  0.00296994,  0.        ,  0.09228841],\n",
        "        [ 0.        ,  0.        ,  0.00296994, -1.9387714 ],\n",
        "        [ 0.        ,  0.        ,  0.        ,  1.        ]],\n",
        "       dtype=np.float32),\n",
        " 'world_mat_1': np.array([[ 1.9777848e+03, -1.2100029e+03,  1.9150729e+03, -7.8420450e+05],\n",
        "        [ 9.7633325e+02,  2.6269304e+03,  9.1758307e+02, -1.7802220e+05],\n",
        "        [-4.1618299e-01,  7.3779002e-02,  9.0628302e-01,  7.1276253e+01],\n",
        "        [ 0.0000000e+00,  0.0000000e+00,  0.0000000e+00,  1.0000000e+00]],\n",
        "       dtype=np.float32),\n",
        " 'world_mat_inv_1': np.array([[ 2.7737333e-04,  1.4844493e-04, -7.3641533e-01,  2.9643283e+02],\n",
        "        [-1.5190088e-04,  3.1051951e-04,  6.5915370e-03, -6.4311806e+01],\n",
        "        [ 1.3974129e-04,  4.2889955e-05,  7.6469505e-01,  6.2716511e+01],\n",
        "        [ 0.0000000e+00,  0.0000000e+00,  0.0000000e+00,  1.0000000e+00]],\n",
        "       dtype=np.float32),\n",
        " 'camera_mat_1': np.array([[ 0.00125   ,  0.        , -1.        ,  0.        ],\n",
        "        [ 0.        ,  0.00166667, -1.        ,  0.        ],\n",
        "        [ 0.        ,  0.        ,  1.        ,  0.        ],\n",
        "        [ 0.        ,  0.        ,  0.        ,  1.        ]],\n",
        "       dtype=np.float32),\n",
        " 'camera_mat_inv_1': np.array([[800.,   0., 800.,   0.],\n",
        "        [  0., 600., 600.,   0.],\n",
        "        [  0.,   0.,   1.,   0.],\n",
        "        [  0.,   0.,   0.,   1.]], dtype=np.float32),\n",
        " 'scale_mat_2': np.array([[336.7069  ,   0.      ,   0.      , -16.939083],\n",
        "        [  0.      , 336.7069  ,   0.      , -31.074146],\n",
        "        [  0.      ,   0.      , 336.7069  , 652.7977  ],\n",
        "        [  0.      ,   0.      ,   0.      ,   1.      ]], dtype=np.float32),\n",
        " 'scale_mat_inv_2': np.array([[ 0.00296994,  0.        ,  0.        ,  0.05030809],\n",
        "        [ 0.        ,  0.00296994,  0.        ,  0.09228841],\n",
        "        [ 0.        ,  0.        ,  0.00296994, -1.9387714 ],\n",
        "        [ 0.        ,  0.        ,  0.        ,  1.        ]],\n",
        "       dtype=np.float32),\n",
        " 'world_mat_2': np.array([[ 8.0562598e+02, -1.9957769e+03,  2.1002583e+03, -8.6118088e+05],\n",
        "        [ 1.8447128e+03,  1.8819391e+03,  1.3233628e+03, -4.7971675e+05],\n",
        "        [-5.0930101e-01,  2.4888100e-01,  8.2381397e-01,  1.2934435e+02],\n",
        "        [ 0.0000000e+00,  0.0000000e+00,  0.0000000e+00,  1.0000000e+00]],\n",
        "       dtype=np.float32),\n",
        " 'world_mat_inv_2': np.array([[ 1.4641977e-04,  2.5984403e-04, -7.9069704e-01,  3.5301764e+02],\n",
        "        [-2.6306105e-04,  2.0785833e-04,  3.3675584e-01, -1.7038750e+02],\n",
        "        [ 1.6999303e-04,  9.7845928e-05,  6.2330222e-01,  1.1271246e+02],\n",
        "        [ 0.0000000e+00,  0.0000000e+00,  0.0000000e+00,  1.0000000e+00]],\n",
        "       dtype=np.float32),\n",
        " 'camera_mat_2': np.array([[ 0.00125   ,  0.        , -1.        ,  0.        ],\n",
        "        [ 0.        ,  0.00166667, -1.        ,  0.        ],\n",
        "        [ 0.        ,  0.        ,  1.        ,  0.        ],\n",
        "        [ 0.        ,  0.        ,  0.        ,  1.        ]],\n",
        "       dtype=np.float32),\n",
        " 'camera_mat_inv_2': np.array([[800.,   0., 800.,   0.],\n",
        "        [  0., 600., 600.,   0.],\n",
        "        [  0.,   0.,   1.,   0.],\n",
        "        [  0.,   0.,   0.,   1.]], dtype=np.float32),\n",
        " 'scale_mat_3': np.array([[336.7069  ,   0.      ,   0.      , -16.939083],\n",
        "        [  0.      , 336.7069  ,   0.      , -31.074146],\n",
        "        [  0.      ,   0.      , 336.7069  , 652.7977  ],\n",
        "        [  0.      ,   0.      ,   0.      ,   1.      ]], dtype=np.float32),\n",
        " 'scale_mat_inv_3': np.array([[ 0.00296994,  0.        ,  0.        ,  0.05030809],\n",
        "        [ 0.        ,  0.00296994,  0.        ,  0.09228841],\n",
        "        [ 0.        ,  0.        ,  0.00296994, -1.9387714 ],\n",
        "        [ 0.        ,  0.        ,  0.        ,  1.        ]],\n",
        "       dtype=np.float32),\n",
        " 'world_mat_3': np.array([[-6.0815710e+02, -2.1573506e+03,  2.0048011e+03, -7.4431025e+05],\n",
        "        [ 2.1900325e+03,  8.1707990e+02,  1.7978009e+03, -8.0566700e+05],\n",
        "        [-4.9531800e-01,  4.4909099e-01,  7.4362499e-01,  1.8159442e+02],\n",
        "        [ 0.0000000e+00,  0.0000000e+00,  0.0000000e+00,  1.0000000e+00]],\n",
        "       dtype=np.float32),\n",
        " 'world_mat_inv_3': np.array([[-2.3956436e-05,  3.0034385e-04, -6.6153044e-01,  3.4427634e+02],\n",
        "        [-3.0207643e-04,  6.4847904e-05,  6.5761578e-01, -2.9201212e+02],\n",
        "        [ 1.6647336e-04,  1.6089172e-04,  5.0697964e-01,  1.6146829e+02],\n",
        "        [ 0.0000000e+00,  0.0000000e+00,  0.0000000e+00,  1.0000000e+00]],\n",
        "       dtype=np.float32),\n",
        " 'camera_mat_3': np.array([[ 0.00125   ,  0.        , -1.        ,  0.        ],\n",
        "        [ 0.        ,  0.00166667, -1.        ,  0.        ],\n",
        "        [ 0.        ,  0.        ,  1.        ,  0.        ],\n",
        "        [ 0.        ,  0.        ,  0.        ,  1.        ]],\n",
        "       dtype=np.float32),\n",
        " 'camera_mat_inv_3': np.array([[800.,   0., 800.,   0.],\n",
        "        [  0., 600., 600.,   0.],\n",
        "        [  0.,   0.,   1.,   0.],\n",
        "        [  0.,   0.,   0.,   1.]], dtype=np.float32),\n",
        " 'scale_mat_4': np.array([[336.7069  ,   0.      ,   0.      , -16.939083],\n",
        "        [  0.      , 336.7069  ,   0.      , -31.074146],\n",
        "        [  0.      ,   0.      , 336.7069  , 652.7977  ],\n",
        "        [  0.      ,   0.      ,   0.      ,   1.      ]], dtype=np.float32),\n",
        " 'scale_mat_inv_4': np.array([[ 0.00296994,  0.        ,  0.        ,  0.05030809],\n",
        "        [ 0.        ,  0.00296994,  0.        ,  0.09228841],\n",
        "        [ 0.        ,  0.        ,  0.00296994, -1.9387714 ],\n",
        "        [ 0.        ,  0.        ,  0.        ,  1.        ]],\n",
        "       dtype=np.float32),\n",
        " 'world_mat_4': np.array([[-1.8901017e+03, -1.6552826e+03,  1.6525128e+03, -4.6095278e+05],\n",
        "        [ 1.9238358e+03, -2.9267606e+02,  2.2156592e+03, -1.0705425e+06],\n",
        "        [-3.7664700e-01,  6.1994302e-01,  6.8833703e-01,  2.1321745e+02],\n",
        "        [ 0.0000000e+00,  0.0000000e+00,  0.0000000e+00,  1.0000000e+00]],\n",
        "       dtype=np.float32),\n",
        " 'world_mat_inv_4': np.array([[-1.8887443e-04,  2.5948326e-04, -3.8180289e-01,  2.7213269e+02],\n",
        "        [-2.5887322e-04, -8.1377279e-05,  8.8342714e-01, -3.9480826e+02],\n",
        "        [ 1.2980220e-04,  2.1527662e-04,  4.4821155e-01,  1.9472893e+02],\n",
        "        [ 0.0000000e+00,  0.0000000e+00,  0.0000000e+00,  1.0000000e+00]],\n",
        "       dtype=np.float32),\n",
        " 'camera_mat_4': np.array([[ 0.00125   ,  0.        , -1.        ,  0.        ],\n",
        "        [ 0.        ,  0.00166667, -1.        ,  0.        ],\n",
        "        [ 0.        ,  0.        ,  1.        ,  0.        ],\n",
        "        [ 0.        ,  0.        ,  0.        ,  1.        ]],\n",
        "       dtype=np.float32),\n",
        " 'camera_mat_inv_4': np.array([[800.,   0., 800.,   0.],\n",
        "        [  0., 600., 600.,   0.],\n",
        "        [  0.,   0.,   1.,   0.],\n",
        "        [  0.,   0.,   0.,   1.]], dtype=np.float32),\n",
        " 'scale_mat_5': np.array([[336.7069  ,   0.      ,   0.      , -16.939083],\n",
        "        [  0.      , 336.7069  ,   0.      , -31.074146],\n",
        "        [  0.      ,   0.      , 336.7069  , 652.7977  ],\n",
        "        [  0.      ,   0.      ,   0.      ,   1.      ]], dtype=np.float32),\n",
        " 'scale_mat_inv_5': np.array([[ 0.00296994,  0.        ,  0.        ,  0.05030809],\n",
        "        [ 0.        ,  0.00296994,  0.        ,  0.09228841],\n",
        "        [ 0.        ,  0.        ,  0.00296994, -1.9387714 ],\n",
        "        [ 0.        ,  0.        ,  0.        ,  1.        ]],\n",
        "       dtype=np.float32),\n",
        " 'world_mat_5': np.array([[-2.1308025e+03, -1.5420302e+03,  1.4577610e+03, -3.3054222e+05],\n",
        "        [ 1.5116477e+03, -2.5829597e+01,  2.5318379e+03, -1.2435486e+06],\n",
        "        [-4.9752301e-01,  6.7209101e-01,  5.4842001e-01,  3.0563730e+02],\n",
        "        [ 0.0000000e+00,  0.0000000e+00,  0.0000000e+00,  1.0000000e+00]],\n",
        "       dtype=np.float32),\n",
        " 'world_mat_inv_5': np.array([[-2.0575260e-04,  2.1889998e-04, -4.6366134e-01,  3.4591504e+02],\n",
        "        [-2.5046660e-04, -5.3159842e-05,  9.1118586e-01, -4.2738904e+02],\n",
        "        [ 1.2029048e-04,  2.6373222e-04,  2.8612739e-01,  2.8027374e+02],\n",
        "        [ 0.0000000e+00,  0.0000000e+00,  0.0000000e+00,  1.0000000e+00]],\n",
        "       dtype=np.float32),\n",
        " 'camera_mat_5': np.array([[ 0.00125   ,  0.        , -1.        ,  0.        ],\n",
        "        [ 0.        ,  0.00166667, -1.        ,  0.        ],\n",
        "        [ 0.        ,  0.        ,  1.        ,  0.        ],\n",
        "        [ 0.        ,  0.        ,  0.        ,  1.        ]],\n",
        "       dtype=np.float32),\n",
        " 'camera_mat_inv_5': np.array([[800.,   0., 800.,   0.],\n",
        "        [  0., 600., 600.,   0.],\n",
        "        [  0.,   0.,   1.,   0.],\n",
        "        [  0.,   0.,   0.,   1.]], dtype=np.float32),\n",
        " 'scale_mat_6': np.array([[336.7069  ,   0.      ,   0.      , -16.939083],\n",
        "        [  0.      , 336.7069  ,   0.      , -31.074146],\n",
        "        [  0.      ,   0.      , 336.7069  , 652.7977  ],\n",
        "        [  0.      ,   0.      ,   0.      ,   1.      ]], dtype=np.float32),\n",
        " 'scale_mat_inv_6': np.array([[ 0.00296994,  0.        ,  0.        ,  0.05030809],\n",
        "        [ 0.        ,  0.00296994,  0.        ,  0.09228841],\n",
        "        [ 0.        ,  0.        ,  0.00296994, -1.9387714 ],\n",
        "        [ 0.        ,  0.        ,  0.        ,  1.        ]],\n",
        "       dtype=np.float32),\n",
        " 'world_mat_6': np.array([[-1.3317081e+03, -2.0468562e+03,  1.7550432e+03, -5.5598094e+05],\n",
        "        [ 1.7371627e+03,  5.9849005e+02,  2.3065178e+03, -1.1039170e+06],\n",
        "        [-6.1553299e-01,  5.1201099e-01,  5.9913599e-01,  2.7669543e+02],\n",
        "        [ 0.0000000e+00,  0.0000000e+00,  0.0000000e+00,  1.0000000e+00]],\n",
        "       dtype=np.float32),\n",
        " 'world_mat_inv_6': np.array([[-9.8618075e-05,  2.5481739e-04, -6.9209975e-01,  4.1796832e+02],\n",
        "        [-2.9506010e-04,  3.3866108e-05,  7.3394096e-01, -3.2974054e+02],\n",
        "        [ 1.5083612e-04,  2.3284979e-04,  3.3081624e-01,  2.4937350e+02],\n",
        "        [ 0.0000000e+00,  0.0000000e+00,  0.0000000e+00,  1.0000000e+00]],\n",
        "       dtype=np.float32),\n",
        " 'camera_mat_6': np.array([[ 0.00125   ,  0.        , -1.        ,  0.        ],\n",
        "        [ 0.        ,  0.00166667, -1.        ,  0.        ],\n",
        "        [ 0.        ,  0.        ,  1.        ,  0.        ],\n",
        "        [ 0.        ,  0.        ,  0.        ,  1.        ]],\n",
        "       dtype=np.float32),\n",
        " 'camera_mat_inv_6': np.array([[800.,   0., 800.,   0.],\n",
        "        [  0., 600., 600.,   0.],\n",
        "        [  0.,   0.,   1.,   0.],\n",
        "        [  0.,   0.,   0.,   1.]], dtype=np.float32),\n",
        " 'scale_mat_7': np.array([[336.7069  ,   0.      ,   0.      , -16.939083],\n",
        "        [  0.      , 336.7069  ,   0.      , -31.074146],\n",
        "        [  0.      ,   0.      , 336.7069  , 652.7977  ],\n",
        "        [  0.      ,   0.      ,   0.      ,   1.      ]], dtype=np.float32),\n",
        " 'scale_mat_inv_7': np.array([[ 0.00296994,  0.        ,  0.        ,  0.05030809],\n",
        "        [ 0.        ,  0.00296994,  0.        ,  0.09228841],\n",
        "        [ 0.        ,  0.        ,  0.00296994, -1.9387714 ],\n",
        "        [ 0.        ,  0.        ,  0.        ,  1.        ]],\n",
        "       dtype=np.float32),\n",
        " 'world_mat_7': np.array([[-3.7607361e+02, -2.2567112e+03,  1.9516830e+03, -7.2198038e+05],\n",
        "        [ 1.7214948e+03,  1.2521676e+03,  2.0407061e+03, -9.2822900e+05],\n",
        "        [-6.6906703e-01,  3.2482401e-01,  6.6846001e-01,  2.3309146e+02],\n",
        "        [ 0.0000000e+00,  0.0000000e+00,  0.0000000e+00,  1.0000000e+00]],\n",
        "       dtype=np.float32),\n",
        " 'world_mat_inv_7': np.array([[ 2.0883994e-05,  2.5691927e-04, -8.4530956e-01,  4.5059219e+02],\n",
        "        [-3.0172567e-04,  1.2644254e-04,  4.9492982e-01, -2.1583629e+02],\n",
        "        [ 1.6752016e-04,  1.9571050e-04,  4.0939796e-01,  2.0718326e+02],\n",
        "        [ 0.0000000e+00,  0.0000000e+00,  0.0000000e+00,  1.0000000e+00]],\n",
        "       dtype=np.float32),\n",
        " 'camera_mat_7': np.array([[ 0.00125   ,  0.        , -1.        ,  0.        ],\n",
        "        [ 0.        ,  0.00166667, -1.        ,  0.        ],\n",
        "        [ 0.        ,  0.        ,  1.        ,  0.        ],\n",
        "        [ 0.        ,  0.        ,  0.        ,  1.        ]],\n",
        "       dtype=np.float32),\n",
        " 'camera_mat_inv_7': np.array([[800.,   0., 800.,   0.],\n",
        "        [  0., 600., 600.,   0.],\n",
        "        [  0.,   0.,   1.,   0.],\n",
        "        [  0.,   0.,   0.,   1.]], dtype=np.float32),\n",
        " 'scale_mat_8': np.array([[336.7069  ,   0.      ,   0.      , -16.939083],\n",
        "        [  0.      , 336.7069  ,   0.      , -31.074146],\n",
        "        [  0.      ,   0.      , 336.7069  , 652.7977  ],\n",
        "        [  0.      ,   0.      ,   0.      ,   1.      ]], dtype=np.float32),\n",
        " 'scale_mat_inv_8': np.array([[ 0.00296994,  0.        ,  0.        ,  0.05030809],\n",
        "        [ 0.        ,  0.00296994,  0.        ,  0.09228841],\n",
        "        [ 0.        ,  0.        ,  0.00296994, -1.9387714 ],\n",
        "        [ 0.        ,  0.        ,  0.        ,  1.        ]],\n",
        "       dtype=np.float32),\n",
        " 'world_mat_8': np.array([[ 6.2091241e+02, -2.1408936e+03,  2.0184862e+03, -8.0349944e+05],\n",
        "        [ 1.4651993e+03,  1.8520294e+03,  1.7661052e+03, -7.3777762e+05],\n",
        "        [-6.4898598e-01,  1.3344400e-01,  7.4900597e-01,  1.7930020e+02],\n",
        "        [ 0.0000000e+00,  0.0000000e+00,  0.0000000e+00,  1.0000000e+00]],\n",
        "       dtype=np.float32),\n",
        " 'world_mat_inv_8': np.array([[ 1.3808509e-04,  2.2459230e-04, -9.0169710e-01,  4.3832495e+02],\n",
        "        [-2.6904838e-04,  2.1285715e-04,  2.2315222e-01, -9.9150230e+01],\n",
        "        [ 1.6757968e-04,  1.5667798e-04,  5.1405853e-01,  1.5807289e+02],\n",
        "        [ 0.0000000e+00,  0.0000000e+00,  0.0000000e+00,  1.0000000e+00]],\n",
        "       dtype=np.float32),\n",
        " 'camera_mat_8': np.array([[ 0.00125   ,  0.        , -1.        ,  0.        ],\n",
        "        [ 0.        ,  0.00166667, -1.        ,  0.        ],\n",
        "        [ 0.        ,  0.        ,  1.        ,  0.        ],\n",
        "        [ 0.        ,  0.        ,  0.        ,  1.        ]],\n",
        "       dtype=np.float32),\n",
        " 'camera_mat_inv_8': np.array([[800.,   0., 800.,   0.],\n",
        "        [  0., 600., 600.,   0.],\n",
        "        [  0.,   0.,   1.,   0.],\n",
        "        [  0.,   0.,   0.,   1.]], dtype=np.float32),\n",
        " 'scale_mat_9': np.array([[336.7069  ,   0.      ,   0.      , -16.939083],\n",
        "        [  0.      , 336.7069  ,   0.      , -31.074146],\n",
        "        [  0.      ,   0.      , 336.7069  , 652.7977  ],\n",
        "        [  0.      ,   0.      ,   0.      ,   1.      ]], dtype=np.float32),\n",
        " 'scale_mat_inv_9': np.array([[ 0.00296994,  0.        ,  0.        ,  0.05030809],\n",
        "        [ 0.        ,  0.00296994,  0.        ,  0.09228841],\n",
        "        [ 0.        ,  0.        ,  0.00296994, -1.9387714 ],\n",
        "        [ 0.        ,  0.        ,  0.        ,  1.        ]],\n",
        "       dtype=np.float32),\n",
        " 'world_mat_9': np.array([[ 1.5242223e+03, -1.7114833e+03,  1.9470016e+03, -7.9223944e+05],\n",
        "        [ 9.9968188e+02,  2.3211401e+03,  1.5195043e+03, -5.5628575e+05],\n",
        "        [-5.5837899e-01, -3.5388000e-02,  8.2883102e-01,  1.2315144e+02],\n",
        "        [ 0.0000000e+00,  0.0000000e+00,  0.0000000e+00,  1.0000000e+00]],\n",
        "       dtype=np.float32),\n",
        " 'world_mat_inv_9': np.array([[ 2.3714862e-04,  1.6184367e-04, -8.5379392e-01,  3.8305579e+02],\n",
        "        [-2.0110412e-04,  2.8186358e-04, -4.4330951e-02,  2.9334965e+00],\n",
        "        [ 1.5117935e-04,  1.2106774e-04,  6.2942940e-01,  1.0960336e+02],\n",
        "        [ 0.0000000e+00,  0.0000000e+00,  0.0000000e+00,  1.0000000e+00]],\n",
        "       dtype=np.float32),\n",
        " 'camera_mat_9': np.array([[ 0.00125   ,  0.        , -1.        ,  0.        ],\n",
        "        [ 0.        ,  0.00166667, -1.        ,  0.        ],\n",
        "        [ 0.        ,  0.        ,  1.        ,  0.        ],\n",
        "        [ 0.        ,  0.        ,  0.        ,  1.        ]],\n",
        "       dtype=np.float32),\n",
        " 'camera_mat_inv_9': np.array([[800.,   0., 800.,   0.],\n",
        "        [  0., 600., 600.,   0.],\n",
        "        [  0.,   0.,   1.,   0.],\n",
        "        [  0.,   0.,   0.,   1.]], dtype=np.float32),\n",
        " 'scale_mat_10': np.array([[336.7069  ,   0.      ,   0.      , -16.939083],\n",
        "        [  0.      , 336.7069  ,   0.      , -31.074146],\n",
        "        [  0.      ,   0.      , 336.7069  , 652.7977  ],\n",
        "        [  0.      ,   0.      ,   0.      ,   1.      ]], dtype=np.float32),\n",
        " 'scale_mat_inv_10': np.array([[ 0.00296994,  0.        ,  0.        ,  0.05030809],\n",
        "        [ 0.        ,  0.00296994,  0.        ,  0.09228841],\n",
        "        [ 0.        ,  0.        ,  0.00296994, -1.9387714 ],\n",
        "        [ 0.        ,  0.        ,  0.        ,  1.        ]],\n",
        "       dtype=np.float32),\n",
        " 'world_mat_10': np.array([[ 2.2224180e+03, -1.0226851e+03,  1.7487758e+03, -6.8852250e+05],\n",
        "        [ 3.8218958e+02,  2.6046003e+03,  1.3288856e+03, -4.0672466e+05],\n",
        "        [-4.0991500e-01, -1.6029599e-01,  8.9792800e-01,  7.1838020e+01],\n",
        "        [ 0.0000000e+00,  0.0000000e+00,  0.0000000e+00,  1.0000000e+00]],\n",
        "       dtype=np.float32),\n",
        " 'world_mat_inv_10': np.array([[ 3.0599945e-04,  7.6504206e-05, -7.0917684e-01,  2.9274951e+02],\n",
        "        [-1.0647544e-04,  3.2526557e-04, -2.7400759e-01,  7.8666954e+01],\n",
        "        [ 1.2068471e-04,  9.2990740e-05,  7.4101204e-01,  6.7682922e+01],\n",
        "        [ 0.0000000e+00,  0.0000000e+00,  0.0000000e+00,  1.0000000e+00]],\n",
        "       dtype=np.float32),\n",
        " 'camera_mat_10': np.array([[ 0.00125   ,  0.        , -1.        ,  0.        ],\n",
        "        [ 0.        ,  0.00166667, -1.        ,  0.        ],\n",
        "        [ 0.        ,  0.        ,  1.        ,  0.        ],\n",
        "        [ 0.        ,  0.        ,  0.        ,  1.        ]],\n",
        "       dtype=np.float32),\n",
        " 'camera_mat_inv_10': np.array([[800.,   0., 800.,   0.],\n",
        "        [  0., 600., 600.,   0.],\n",
        "        [  0.,   0.,   1.,   0.],\n",
        "        [  0.,   0.,   0.,   1.]], dtype=np.float32),\n",
        " 'scale_mat_11': np.array([[336.7069  ,   0.      ,   0.      , -16.939083],\n",
        "        [  0.      , 336.7069  ,   0.      , -31.074146],\n",
        "        [  0.      ,   0.      , 336.7069  , 652.7977  ],\n",
        "        [  0.      ,   0.      ,   0.      ,   1.      ]], dtype=np.float32),\n",
        " 'scale_mat_inv_11': np.array([[ 0.00296994,  0.        ,  0.        ,  0.05030809],\n",
        "        [ 0.        ,  0.00296994,  0.        ,  0.09228841],\n",
        "        [ 0.        ,  0.        ,  0.00296994, -1.9387714 ],\n",
        "        [ 0.        ,  0.        ,  0.        ,  1.        ]],\n",
        "       dtype=np.float32),\n",
        " 'world_mat_11': np.array([[ 2.6177651e+03, -4.6529153e+02,  1.4050100e+03, -4.8393388e+05],\n",
        "        [-3.1241861e+02,  2.3682480e+03,  1.7290880e+03, -6.2597150e+05],\n",
        "        [-2.3170599e-01, -4.1241801e-01,  8.8103598e-01,  6.9791222e+01],\n",
        "        [ 0.0000000e+00,  0.0000000e+00,  0.0000000e+00,  1.0000000e+00]],\n",
        "       dtype=np.float32),\n",
        " 'world_mat_inv_11': np.array([[ 3.3572197e-04, -2.0327478e-05, -4.9549022e-01,  1.8432368e+02],\n",
        "        [-1.5036158e-05,  3.1560898e-04, -5.9542376e-01,  2.3184106e+02],\n",
        "        [ 8.1253900e-05,  1.4239240e-04,  7.2599584e-01,  7.7786957e+01],\n",
        "        [ 0.0000000e+00,  0.0000000e+00,  0.0000000e+00,  1.0000000e+00]],\n",
        "       dtype=np.float32),\n",
        " 'camera_mat_11': np.array([[ 0.00125   ,  0.        , -1.        ,  0.        ],\n",
        "        [ 0.        ,  0.00166667, -1.        ,  0.        ],\n",
        "        [ 0.        ,  0.        ,  1.        ,  0.        ],\n",
        "        [ 0.        ,  0.        ,  0.        ,  1.        ]],\n",
        "       dtype=np.float32),\n",
        " 'camera_mat_inv_11': np.array([[800.,   0., 800.,   0.],\n",
        "        [  0., 600., 600.,   0.],\n",
        "        [  0.,   0.,   1.,   0.],\n",
        "        [  0.,   0.,   0.,   1.]], dtype=np.float32),\n",
        " 'scale_mat_12': np.array([[336.7069  ,   0.      ,   0.      , -16.939083],\n",
        "        [  0.      , 336.7069  ,   0.      , -31.074146],\n",
        "        [  0.      ,   0.      , 336.7069  , 652.7977  ],\n",
        "        [  0.      ,   0.      ,   0.      ,   1.      ]], dtype=np.float32),\n",
        " 'scale_mat_inv_12': np.array([[ 0.00296994,  0.        ,  0.        ,  0.05030809],\n",
        "        [ 0.        ,  0.00296994,  0.        ,  0.09228841],\n",
        "        [ 0.        ,  0.        ,  0.00296994, -1.9387714 ],\n",
        "        [ 0.        ,  0.        ,  0.        ,  1.        ]],\n",
        "       dtype=np.float32),\n",
        " 'world_mat_12': np.array([[ 2.2509316e+03, -1.1399684e+03,  1.6361609e+03, -6.2329131e+05],\n",
        "        [ 1.1090876e+02,  2.3409248e+03,  1.7898937e+03, -6.8209644e+05],\n",
        "        [-4.2073900e-01, -3.5419700e-01,  8.3517897e-01,  1.0733091e+02],\n",
        "        [ 0.0000000e+00,  0.0000000e+00,  0.0000000e+00,  1.0000000e+00]],\n",
        "       dtype=np.float32),\n",
        " 'world_mat_inv_12': np.array([[ 3.10473057e-04,  4.46756057e-05, -7.03979015e-01,\n",
        "          2.99546936e+02],\n",
        "        [-1.01414626e-04,  3.07986164e-04, -4.61376339e-01,\n",
        "          1.96385345e+02],\n",
        "        [ 1.13397698e-04,  1.53122310e-04,  6.47035539e-01,\n",
        "          1.05677078e+02],\n",
        "        [ 0.00000000e+00,  0.00000000e+00,  0.00000000e+00,\n",
        "          1.00000000e+00]], dtype=np.float32),\n",
        " 'camera_mat_12': np.array([[ 0.00125   ,  0.        , -1.        ,  0.        ],\n",
        "        [ 0.        ,  0.00166667, -1.        ,  0.        ],\n",
        "        [ 0.        ,  0.        ,  1.        ,  0.        ],\n",
        "        [ 0.        ,  0.        ,  0.        ,  1.        ]],\n",
        "       dtype=np.float32),\n",
        " 'camera_mat_inv_12': np.array([[800.,   0., 800.,   0.],\n",
        "        [  0., 600., 600.,   0.],\n",
        "        [  0.,   0.,   1.,   0.],\n",
        "        [  0.,   0.,   0.,   1.]], dtype=np.float32),\n",
        " 'scale_mat_13': np.array([[336.7069  ,   0.      ,   0.      , -16.939083],\n",
        "        [  0.      , 336.7069  ,   0.      , -31.074146],\n",
        "        [  0.      ,   0.      , 336.7069  , 652.7977  ],\n",
        "        [  0.      ,   0.      ,   0.      ,   1.      ]], dtype=np.float32),\n",
        " 'scale_mat_inv_13': np.array([[ 0.00296994,  0.        ,  0.        ,  0.05030809],\n",
        "        [ 0.        ,  0.00296994,  0.        ,  0.09228841],\n",
        "        [ 0.        ,  0.        ,  0.00296994, -1.9387714 ],\n",
        "        [ 0.        ,  0.        ,  0.        ,  1.        ]],\n",
        "       dtype=np.float32),\n",
        " 'world_mat_13': np.array([[ 1.7021460e+03, -1.7022976e+03,  1.8022556e+03, -7.1126825e+05],\n",
        "        [ 5.0317212e+02,  2.2059636e+03,  1.8911614e+03, -7.6441400e+05],\n",
        "        [-5.8364898e-01, -2.4886601e-01,  7.7293003e-01,  1.5468274e+02],\n",
        "        [ 0.0000000e+00,  0.0000000e+00,  0.0000000e+00,  1.0000000e+00]],\n",
        "       dtype=np.float32),\n",
        " 'world_mat_inv_13': np.array([[ 2.6090353e-04,  1.0399642e-04, -8.6280626e-01,  3.9852997e+02],\n",
        "        [-1.7899903e-04,  2.8390638e-04, -2.7727062e-01,  1.3259467e+02],\n",
        "        [ 1.3937782e-04,  1.6994041e-04,  5.5298769e-01,  1.4350221e+02],\n",
        "        [ 0.0000000e+00,  0.0000000e+00,  0.0000000e+00,  1.0000000e+00]],\n",
        "       dtype=np.float32),\n",
        " 'camera_mat_13': np.array([[ 0.00125   ,  0.        , -1.        ,  0.        ],\n",
        "        [ 0.        ,  0.00166667, -1.        ,  0.        ],\n",
        "        [ 0.        ,  0.        ,  1.        ,  0.        ],\n",
        "        [ 0.        ,  0.        ,  0.        ,  1.        ]],\n",
        "       dtype=np.float32),\n",
        " 'camera_mat_inv_13': np.array([[800.,   0., 800.,   0.],\n",
        "        [  0., 600., 600.,   0.],\n",
        "        [  0.,   0.,   1.,   0.],\n",
        "        [  0.,   0.,   0.,   1.]], dtype=np.float32),\n",
        " 'scale_mat_14': np.array([[336.7069  ,   0.      ,   0.      , -16.939083],\n",
        "        [  0.      , 336.7069  ,   0.      , -31.074146],\n",
        "        [  0.      ,   0.      , 336.7069  , 652.7977  ],\n",
        "        [  0.      ,   0.      ,   0.      ,   1.      ]], dtype=np.float32),\n",
        " 'scale_mat_inv_14': np.array([[ 0.00296994,  0.        ,  0.        ,  0.05030809],\n",
        "        [ 0.        ,  0.00296994,  0.        ,  0.09228841],\n",
        "        [ 0.        ,  0.        ,  0.00296994, -1.9387714 ],\n",
        "        [ 0.        ,  0.        ,  0.        ,  1.        ]],\n",
        "       dtype=np.float32),\n",
        " 'world_mat_14': np.array([[ 1.01535474e+03, -2.10960034e+03,  1.88729553e+03,\n",
        "         -7.40317688e+05],\n",
        "        [ 8.34033569e+02,  1.97300073e+03,  2.02672278e+03,\n",
        "         -8.66772125e+05],\n",
        "        [-7.07307994e-01, -1.05287999e-01,  6.99020982e-01,\n",
        "          2.08194550e+02],\n",
        "        [ 0.00000000e+00,  0.00000000e+00,  0.00000000e+00,\n",
        "          1.00000000e+00]], dtype=np.float32),\n",
        " 'world_mat_inv_14': np.array([[ 1.9097490e-04,  1.5300758e-04, -9.5924163e-01,  4.7371368e+02],\n",
        "        [-2.4181561e-04,  2.4518880e-04, -5.8012836e-02,  4.5580391e+01],\n",
        "        [ 1.5681617e-04,  1.9175236e-04,  4.5122060e-01,  1.8835771e+02],\n",
        "        [ 0.0000000e+00,  0.0000000e+00,  0.0000000e+00,  1.0000000e+00]],\n",
        "       dtype=np.float32),\n",
        " 'camera_mat_14': np.array([[ 0.00125   ,  0.        , -1.        ,  0.        ],\n",
        "        [ 0.        ,  0.00166667, -1.        ,  0.        ],\n",
        "        [ 0.        ,  0.        ,  1.        ,  0.        ],\n",
        "        [ 0.        ,  0.        ,  0.        ,  1.        ]],\n",
        "       dtype=np.float32),\n",
        " 'camera_mat_inv_14': np.array([[800.,   0., 800.,   0.],\n",
        "        [  0., 600., 600.,   0.],\n",
        "        [  0.,   0.,   1.,   0.],\n",
        "        [  0.,   0.,   0.,   1.]], dtype=np.float32),\n",
        " 'scale_mat_15': np.array([[336.7069  ,   0.      ,   0.      , -16.939083],\n",
        "        [  0.      , 336.7069  ,   0.      , -31.074146],\n",
        "        [  0.      ,   0.      , 336.7069  , 652.7977  ],\n",
        "        [  0.      ,   0.      ,   0.      ,   1.      ]], dtype=np.float32),\n",
        " 'scale_mat_inv_15': np.array([[ 0.00296994,  0.        ,  0.        ,  0.05030809],\n",
        "        [ 0.        ,  0.00296994,  0.        ,  0.09228841],\n",
        "        [ 0.        ,  0.        ,  0.00296994, -1.9387714 ],\n",
        "        [ 0.        ,  0.        ,  0.        ,  1.        ]],\n",
        "       dtype=np.float32),\n",
        " 'world_mat_15': np.array([[ 2.4338930e+02, -2.3288745e+03,  1.8868885e+03, -7.1213738e+05],\n",
        "        [ 1.0788046e+03,  1.6628860e+03,  2.1833325e+03, -9.7945219e+05],\n",
        "        [-7.8227699e-01,  6.6583000e-02,  6.1936200e-01,  2.6365414e+02],\n",
        "        [ 0.0000000e+00,  0.0000000e+00,  0.0000000e+00,  1.0000000e+00]],\n",
        "       dtype=np.float32),\n",
        " 'world_mat_inv_15': np.array([[ 1.06073305e-04,  1.88036080e-04, -9.86004591e-01,\n",
        "          5.19675293e+02],\n",
        "        [-2.84939888e-04,  1.95082946e-04,  1.80377349e-01,\n",
        "         -5.93991623e+01],\n",
        "        [ 1.64606245e-04,  2.16524568e-04,  3.49813551e-01,\n",
        "          2.37067932e+02],\n",
        "        [ 0.00000000e+00,  0.00000000e+00,  0.00000000e+00,\n",
        "          1.00000000e+00]], dtype=np.float32),\n",
        " 'camera_mat_15': np.array([[ 0.00125   ,  0.        , -1.        ,  0.        ],\n",
        "        [ 0.        ,  0.00166667, -1.        ,  0.        ],\n",
        "        [ 0.        ,  0.        ,  1.        ,  0.        ],\n",
        "        [ 0.        ,  0.        ,  0.        ,  1.        ]],\n",
        "       dtype=np.float32),\n",
        " 'camera_mat_inv_15': np.array([[800.,   0., 800.,   0.],\n",
        "        [  0., 600., 600.,   0.],\n",
        "        [  0.,   0.,   1.,   0.],\n",
        "        [  0.,   0.,   0.,   1.]], dtype=np.float32),\n",
        " 'scale_mat_16': np.array([[336.7069  ,   0.      ,   0.      , -16.939083],\n",
        "        [  0.      , 336.7069  ,   0.      , -31.074146],\n",
        "        [  0.      ,   0.      , 336.7069  , 652.7977  ],\n",
        "        [  0.      ,   0.      ,   0.      ,   1.      ]], dtype=np.float32),\n",
        " 'scale_mat_inv_16': np.array([[ 0.00296994,  0.        ,  0.        ,  0.05030809],\n",
        "        [ 0.        ,  0.00296994,  0.        ,  0.09228841],\n",
        "        [ 0.        ,  0.        ,  0.00296994, -1.9387714 ],\n",
        "        [ 0.        ,  0.        ,  0.        ,  1.        ]],\n",
        "       dtype=np.float32),\n",
        " 'world_mat_16': np.array([[-5.5726312e+02, -2.3421177e+03,  1.8019950e+03, -6.2488156e+05],\n",
        "        [ 1.2243425e+03,  1.2976223e+03,  2.3480015e+03, -1.0935138e+06],\n",
        "        [-8.0162400e-01,  2.5520000e-01,  5.4062200e-01,  3.1620276e+02],\n",
        "        [ 0.0000000e+00,  0.0000000e+00,  0.0000000e+00,  1.0000000e+00]],\n",
        "       dtype=np.float32),\n",
        " 'world_mat_inv_16': np.array([[ 1.2269098e-05,  2.0698518e-04, -9.3986255e-01,  5.3119501e+02],\n",
        "        [-3.0508349e-04,  1.3709563e-04,  4.2147416e-01, -1.7399638e+02],\n",
        "        [ 1.6220671e-04,  2.4219784e-04,  2.5715461e-01,  2.8489365e+02],\n",
        "        [ 0.0000000e+00,  0.0000000e+00,  0.0000000e+00,  1.0000000e+00]],\n",
        "       dtype=np.float32),\n",
        " 'camera_mat_16': np.array([[ 0.00125   ,  0.        , -1.        ,  0.        ],\n",
        "        [ 0.        ,  0.00166667, -1.        ,  0.        ],\n",
        "        [ 0.        ,  0.        ,  1.        ,  0.        ],\n",
        "        [ 0.        ,  0.        ,  0.        ,  1.        ]],\n",
        "       dtype=np.float32),\n",
        " 'camera_mat_inv_16': np.array([[800.,   0., 800.,   0.],\n",
        "        [  0., 600., 600.,   0.],\n",
        "        [  0.,   0.,   1.,   0.],\n",
        "        [  0.,   0.,   0.,   1.]], dtype=np.float32),\n",
        " 'scale_mat_17': np.array([[336.7069  ,   0.      ,   0.      , -16.939083],\n",
        "        [  0.      , 336.7069  ,   0.      , -31.074146],\n",
        "        [  0.      ,   0.      , 336.7069  , 652.7977  ],\n",
        "        [  0.      ,   0.      ,   0.      ,   1.      ]], dtype=np.float32),\n",
        " 'scale_mat_inv_17': np.array([[ 0.00296994,  0.        ,  0.        ,  0.05030809],\n",
        "        [ 0.        ,  0.00296994,  0.        ,  0.09228841],\n",
        "        [ 0.        ,  0.        ,  0.00296994, -1.9387714 ],\n",
        "        [ 0.        ,  0.        ,  0.        ,  1.        ]],\n",
        "       dtype=np.float32),\n",
        " 'world_mat_17': np.array([[-1.3168994e+03, -2.1522322e+03,  1.6361285e+03, -4.8640016e+05],\n",
        "        [ 1.2563823e+03,  9.0289032e+02,  2.5104265e+03, -1.2013748e+06],\n",
        "        [-7.6397401e-01,  4.4219100e-01,  4.6990600e-01,  3.6145312e+02],\n",
        "        [ 0.0000000e+00,  0.0000000e+00,  0.0000000e+00,  1.0000000e+00]],\n",
        "       dtype=np.float32),\n",
        " 'world_mat_inv_17': np.array([[-8.2240826e-05,  2.0803542e-04, -8.2506090e-01,  5.0814740e+02],\n",
        "        [-3.0078573e-04,  7.5684518e-05,  6.4294493e-01, -2.8777121e+02],\n",
        "        [ 1.4933814e-04,  2.6700369e-04,  1.8167557e-01,  3.2774240e+02],\n",
        "        [ 0.0000000e+00,  0.0000000e+00,  0.0000000e+00,  1.0000000e+00]],\n",
        "       dtype=np.float32),\n",
        " 'camera_mat_17': np.array([[ 0.00125   ,  0.        , -1.        ,  0.        ],\n",
        "        [ 0.        ,  0.00166667, -1.        ,  0.        ],\n",
        "        [ 0.        ,  0.        ,  1.        ,  0.        ],\n",
        "        [ 0.        ,  0.        ,  0.        ,  1.        ]],\n",
        "       dtype=np.float32),\n",
        " 'camera_mat_inv_17': np.array([[800.,   0., 800.,   0.],\n",
        "        [  0., 600., 600.,   0.],\n",
        "        [  0.,   0.,   1.,   0.],\n",
        "        [  0.,   0.,   0.,   1.]], dtype=np.float32),\n",
        " 'scale_mat_18': np.array([[336.7069  ,   0.      ,   0.      , -16.939083],\n",
        "        [  0.      , 336.7069  ,   0.      , -31.074146],\n",
        "        [  0.      ,   0.      , 336.7069  , 652.7977  ],\n",
        "        [  0.      ,   0.      ,   0.      ,   1.      ]], dtype=np.float32),\n",
        " 'scale_mat_inv_18': np.array([[ 0.00296994,  0.        ,  0.        ,  0.05030809],\n",
        "        [ 0.        ,  0.00296994,  0.        ,  0.09228841],\n",
